40 1 19 50 38 45 27 9 29 43 22 6 41 34 11 28 33 44 49 25 46 15 32 10 21
49 30 42 1 35 47 8 37 27 38 23 4 5 45 14 21 26 29 48 25 40 3 18 6 43 9 17 12
42 2 1 17 8 6 27 32 28 40 15 48 16 38 4 25 20 12 50 3 11
8 27 23 2 4 28 13 44 32 5 41
1 10 35 36 22 32 15 8 33 21 31 45 29 37 40 6 3
11 44 9 2 34 39 49 25 30 15 35 6 48 17 14 41 23 24
17 49 41 36 47 12 45 26 25 48 15 35 20 11 30 31 10
37 15 20 32 2 38 22 39 47 7 50 17 16 25 27 24 43 49 11 30 23 33 6 4
2 48 38 19 4 5 29 50 18 32 41 43 7 10 15 21 12 25 24 49 14 8 20 1 13 33 26 16
44 22 47 45 34 46 37 12 48 7 49 5 20 1 6 40 9 11 32 38 39 13 2 50 27 26 24
16 23 45 14 21 22 25 4 13 11 43 7 9 29 50 18 34 49 48 33 47 2 10 41 31 40 17 20 8
44 19 47 37 38 48 2 24 10 13 21 50 17 12 49 7 1 40 30 36 32 23 16 41 5 4 15 11 27 25
1 28 27 40 7 37 33 47 31 3 44 15 11 10 16 39 49
2 30 37 41 38 24 7 12 50 28 48 25 39 23 10 35 11 43 1
47 16 29 6 15 50 34 35 4 5 18 17 31 45 28 23
45 39 11 21 37 35 15 7 41 40 34 32 3 9 50 12 2 23 47 17
50 39 28 46 27 30 38 3 7 45
21 34 26 11 13 14 16 33 22 23 3 37 47 50 41 15 39 48 40 25 12 6
32 14 46 9 40 33 26 3 38 47 13 23 37 4 22 35 41 16 27 48
30 34 9 3 18 49 25 10 31 19
6 30 43 17 34 47 23 1 46 32 2 10 8 26 22 7
3 49 16 27 13 7 1 42 44 33 34 38 24 20 50 15 45 11 6 31 47
44 23 27 45 12 47 32 19 16 29 13 4 21 15 28 41 26 43 2 39 5 25 6 8 31
42 32 9 49 38 27 24 50 21 30 17 29 40 43 25 1 18 39 13 15 3 31 33 20 8 22 26
36 21 46 11 19 10 32 24 2 35 31 1 8 22 12 50 23 6
46 50 10 39 12 16 8 4 22 40 11 45 21 32 48 1 13
2 35 43 47 3 7 26 27 17 44 11 20 1 36 24 31 37 45 15 22 12 34
48 3 21 44 25 14 22 42 11 34 1 23
10 34 18 46 12 47 23 35 19 22 45
10 49 30 29 14 6 4 18 16 38 7 47
17 41 25 30 20 11 24 4 18 19 8 26 35 23 29 49 45 37 27
44 48 18 11 2 42 29 50 41 36
10 5 34 31 16 37 32 1 49 45 25 33 39
13 43 7 36 3 9 32 5 26 17 30 10
21 10 26 31 29 42 50 13 11 30 6 44 34 38 43 12 45
6 47 35 29 13 2 39 15 7 8 43
12 24 29 14 3 48 11 42 22 18 43 38 40 7 39 50 35 26 45 34 2 31
38 37 21 30 2 50 8 5 23 41 26
22 38 7 1 20 27 21 36 43 17 49 13 32 6 15 42 34 45 37 14 30 40 48 24 23 26 3 29 50
16 35 14 23 32 4 49 18 45 7 11 3 40 33 5 41 17 31 30 27 10 42 19 20 6 29 47 9
30 45 8 23 22 42 27 7 13 35 50 14 37 31 36 1
10 17 16 27 37 26 28 7 36 8 21 18 47
15 18 26 16 41 46 5 25 45 50 23 39 32 29 34 35 6 9 13 28 2
14 7 36 26 3 34 38 12 4 48 42 31 25 9 8 39 32 20 43 30 16 6 24 22 23
28 8 23 32 2 46 31 3 10 48 14 12 36 6 22 20 27 49 34 16 25 44 41 40 11 50
23 16 33 17 26 20 48 4 36 42 22 44 30 45
28 19 29 17 43 21 20 22 13 34 5 26 16 24
49 25 40 14 41 23 1 30 39 5 36 37 24 22 33 20 48 17 32 4 2 50 16 7 38
14 33 28 25 42 31 37 11 39 13 32 21 22 6 2 49 44 12 40 1 47 5 18
28 42 1 48 22 16 31 50 26 15 40 25 20 9 39 11 33 24
24 44 3 22 19 23 5 39 20 38 7 18
25 35 45 26 38 33 8 40 18 16 11 6 30 48 13 36 3 5 32 41 24 46 9
47 18 27 22 16 34 43 48 40 14 26 46 23 21 15 10
39 10 25 26 33 24 32 18 49 19 29 46 37 50 1 12 22 36 13 28 47 7
4 20 27 10 37 42 17 28 5 49 11 36 31 34 32 16 18 8 48 13 50 40 43 15 3 2 44 14 21
22 50 35 38 11 44 23 31 40 26 13 21 34 36 17 16 7 28 24 39 15 25
22 30 20 27 32 47 3 29 23 10 13 4 16 38 7 44 41 9 6
37 19 50 45 7 31 48 25 32 41 30 22 10 42 18 1 38 47
17 24 31 18 38 50 44 7 9 26 6 23 3 45 47
27 18 19 5 50 13 45 10 20 29 31 49 22 7 17 44 25 4 38 39 40 42 21 15 23 41 36
12 29 48 3 40 26 16 43 33 38 22 13
13 36 49 35 45 37 2 32 6 26 34 3 29 20 17 47 7 24 12 22 19 30 15 44 8 41 43 40 31
26 27 19 40 1 33 21 30 6 42 29 35 28 46 17 13 10 48 50 47 16 41 15 25
19 9 26 28 50 6 40 48 24 42 15 39 30 14 36 34 18 3 41 23
15 46 5 50 23 49 39 1 41 9 33 26 30 48 7 37 21 14 31 4 40 27 20 6 45
19 5 36 25 1 33 40 20 50 26 34 49 23 43 10 31 4 37 48 27 22 42 29 21 38 15 30 44 32
35 50 38 21 1 17 19 40 39 13 6 49 16 10 36 46 5 24 22 9 30 37 25 34 29 31 41 12 45 20
49 46 38 10 29 15 36 4 26 50 20 30 22 12
28 24 29 12 38 35 43 39 16 2 15 14 33 27 17 9 48
16 38 35 21 7 29 8 23 49 24 27 28 31 4 6 43 32 25 15 44 11 19 10 30 48 37 26 45 34 1
18 24 38 20 40 5 30 10 46 22 39 34 29 28 31 6 1 41 48 8
50 44 14 19 25 27 26 5 12 43 16 24 7 8 34 1 32
15 36 19 32 12 20 18 48 17 5 9 49
13 4 7 45 39 6 27 8 44 16 42 34 49 35 5 30 24 21 10 41 17 14 40 50 37 20
48 19 13 47 50 44 38 26 15 23 28 43 2 3 20 34 12 36 25 7 8 37 24 32 49 1 4 30 33 40
42 17 35 16 21 6 31 36 28 22 12 3
19 17 11 15 41 26 21 16 31 35 14 38 34 27 40 4 47 5 43 7 28 32 30
24 5 45 25 12 50 48 34 4 35 15 1 20 37 11 6 43 29 17 13 3 36 28 19 9 21 23 44 27 18
38 50 5 48 35 14 9 18 19 42
27 30 34 17 6 19 4 14 10 45 46 12 18 28 43 38 8 40 24 41 9 1 20 39 16
32 38 1 17 37 19 13 35 44 21 12 8 3
21 31 16 30 45 4 42 15 20 48 44 8 13 9 37
48 31 44 41 1 42 39 46 6 27
13 28 50 9 37 33 5 45 23 47 11 41 31 10 7 12
24 12 50 13 37 41 8 28 9 32 7 19 26 47 3 6 31 25 34 21 2 39 43
31 21 43 3 50 8 37 49 5 48 41 17 12 38 1
33 25 32 21 45 37 50 36 8 23 49 15 48 11 31 2 16 13 43 10 34 24 4 5 7 41 6 35 27
35 42 38 18 47 24 5 3 1 50 25 46 17 15 9 36 22 32 2 13 12 49 40 41 19 30 27 14
30 22 8 6 2 15 1 12 41 7 39 49 47 25 46 33 43 4 40 36 44 5
21 6 10 48 33 41 34 7 43 31 35 30
14 43 26 30 48 41 39 15 18 22 17 46 23 47 49 20 2 34 12 10 4 7 42 38 16 29 1 44 13
34 13 21 20 43 18 30 48 45 26 25 38 1 11 15 12 35 40 29
42 38 23 48 29 32 11 5 33 43 36 4 30 10 24 28 41 35 25
36 27 44 14 31 39 10 13 28 18 2 33
33 36 21 20 40 26 15 14 22 31 7 19 34 8 45 39 10 17 49 37 11 23 30 1 16 27 50 43 18
38 9 46 49 41 33 25 24 15 7 22 23 34 48 47 6 27 11 4 10 32 39 40 21 5 50 30
19 12 11 2 45 16 5 44 46 24 20 21 34 31 42 15 49 30 22 1 47
50 9 17 12 10 38 24 19 41 43 2 7 39 23 11 13 44 15 26
2 11 33 8 24 47 20 32 17 30 31 15 49 14 21 25 41 45 36 13 3 16
25 4 26 39 5 48 19 47 12 36 34 40 33 50 20 6
18 46 48 23 25 29 50 14 3 35 22
17 27 11 7 29 4 44 50 14 24 6 23 22 2 5 8 28 19 33 39 13 30 26 15 42 16
39 1 29 20 26 6 31 15 19 16 34 17 23 35 24 5
42 47 21 35 4 2 29 1 36 39 3 10 8 31 34 18 11 49 9 12 27 43 23 16 50 44
19 48 35 7 36 42 44 6 10 41 12 9 22 45 25 40 16 43 30 37 27 32
22 48 16 15 50 4 28 5 7 39 19 46 43 44 41 36 27 24 23 31 30 13 25 12 42 35 45 18
11 18 44 39 41 28 12 42 10 29 21 15 38 33 13 34 16 9 35 47 32 23 17 5 4 20 48
13 43 45 37 4 46 27 34 14 20 19 29 50 24 26 8 33 3 28 21 15 10 35
7 49 20 2 29 11 4 15 40 36 25 16 13 41 6 35 44 21 14
33 12 43 32 45 21 26 9 1 5 47 39 31 35 41 38 16 44 7 34 15 42
38 44 20 31 6 1 13 24 17 28 41 40 30 42 22 25 50 21 15 26 36 47
6 33 16 4 23 44 31 2 48 8 40 32 42 11 28 50 24 38 15 47 10
5 34 6 29 36 1 42 48 49 19 27 44 15 40
46 36 24 32 12 16 26 31 1 40 6 2 35 34 37 20 27 38 19 21 42 9 33 11 5 28 44 13 15
21 18 4 30 10 23 9 33 20 26 28 25 46
40 29 38 48 14 31 27 49 17 22 43 6 2 46 30 12 28 32 21 41 42 1 36 33
25 49 17 29 46 28 47 2 34 5 30
5 49 36 39 13 34 6 21 48 25 32 37 7 30 14 11
28 3 27 8 46 40 10 13 18 4
33 34 29 20 6 7 35 38 4 17 48 31 1 24 23 15 41
45 5 27 32 28 36 35 26 42 17 19 39 13 25 30 44 1 24 2 46 29 43 11 34 41 50 10 9 37 4
1 17 21 49 46 19 23 26 28 9 29 20 34 33 2 5 42 39 8 41 36
9 18 2 12 48 27 32 13 14 35 8 41 50 49 11 17
46 18 14 12 30 33 39 8 6 29 41 15 11 44 3 2 7 38 21 19 43 37 27 28 24 5 4 22 31
44 9 18 27 45 24 28 2 12 19 30 32 25 34 23 20 40 7 46 41 14
5 31 48 23 15 8 39 40 44 19
28 50 12 21 40 19 22 36 32 7 15 44 39 17
49 28 30 4 24 9 3 16 6 39 5 35 45 23 22 7 50 15 48 2 26 8 21 43 13
34 40 11 29 48 50 38 25 21 47 15 4 39
40 39 49 34 5 48 47 11 13 25 1 27 14 7 22 32 42 18 46
38 29 24 31 33 28 48 12 39 35 9 16 7 17 26 25 46 3
26 27 37 29 25 20 43 40 24 19 23 33 31
1 43 33 30 3 22 20 21 26 15 9 46 14 11 12 17 39 34 5 24 50 18 25 44 42 27
39 2 9 44 46 11 36 24 35 20 28 37
5 47 39 46 31 27 18 38 12 9 3 26 44 22 50 1 7 28 29 4 21 37 24 17 2
22 48 44 3 49 14 36 37 47 30 50 5 46 17 23 26
1 26 46 9 37 24 4 35 39 17 3 50 10 49 30 43 16 2 23 20 31 38 25
2 38 20 33 49 32 10 24 45 13 8 47 28
25 1 4 40 33 35 2 37 22 27 19 30 48 24 17 7 11 13 45 15 20 10 8 32 34 46 39 12 3 44
37 14 39 1 30 44 8 32 33 27 2 12 21 7 4 10 50 11
1 49 31 6 41 11 4 23 35 45 24 32 44 37 38 30 9 40 12 14
1 2 35 14 29 12 20 33 25 21 44 32 18
27 44 8 20 3 28 4 21 11 17 41 29 46 32 34 23 10 7 12 37 16 36 24
28 26 37 30 45 21 34 7 16 8 15 14 1 19 43 40 25 32 11 33 22 38 36 41 12 47 29
2 24 4 36 13 45 9 41 18 10 21 27 15
2 46 33 50 41 44 30 49 47 23 36 48 38 13 6 31 8 40 20
44 13 15 39 25 26 11 29 20 48 1
22 39 31 48 32 27 26 15 3 25 5 35 14 44 2 24 9 11 23 18 17 4 20 33 46 8 49 38 30
15 49 41 11 17 28 47 22 9 24 25 31 42 27 40 44 29 37 50 23 1 39 2 14 46 38 3 4 5 12
45 20 23 13 37 44 24 9 15 3 41 19 50 26 40 34 31 1 46 12 17
49 42 46 3 37 23 16 18 24 33 10 47 25 31 13 6 35 21 32 48 44 28 22 34 40 27 11 2 29
24 46 18 15 45 29 23 47 11 17 38
32 50 15 49 46 10 39 2 31 48 45 29 26 40 16 25 17 20 44 14 24 30
30 31 19 39 7 35 3 4 27 40 48 41 14 13 34 15 12 21 11
13 40 1 2 22 44 10 11 33 24 14 7 6 3 42 38 29 8
10 34 44 26 2 22 11 14 6 42 39 24 13 33 30 49 25 47 9 5 15 3 38 35 20 7
12 16 23 22 21 47 9 10 26 44 50 49 5 48 17 24 8 1 27 46 7 33 39 42
19 16 13 27 46 50 4 40 14 12 5 8 31 47 39 21 20 33 11 15
8 16 47 26 43 39 45 36 49 24 25 15 46 22 32 34 9 29 12 44 23 37 27
38 9 37 46 5 41 33 32 13 2 21 17 3 31 25
11 50 22 29 39 16 43 45 23 20 48 18 26 7 3 5 38 17 32 19 13
30 28 2 8 40 34 12 11 9 15 10 26 41 19 31 38 45 39 50 6 46
1 37 30 47 48 23 38 18 45 49 46 42 43 25 10 22 6
43 36 8 11 28 5 23 25 2 13 49 24 31 19 44 18 16 47 38
37 13 17 26 41 33 32 40 30 4 9 27 3 15 22 47 49 20 21 10 19 31 34 5 14 48 25 35
10 15 26 4 46 37 3 38 6 22 5 34 2 25 40 24 13 41
15 37 29 45 20 33 49 30 22 4 2 12 42 39 24 16
16 22 12 24 35 49 8 28 32 36 27 44 29 37 50 41 47 46 11 39 33 7 13 17 5 48 42 4 18 40
25 13 50 28 5 23 45 6 37 32 38 31 11
49 17 23 30 19 16 21 44 6 25
3 43 22 35 13 30 37 33 26 20 8 9 4 15 5 50 42 17 2 41 39 38
30 44 12 26 42 28 35 10 23 47 40 39
37 8 10 42 11 3 26 29 40 30 36 45 34 47 41 25 21 14 1 18 17 27 46 2 19 49 7 32 9
32 36 20 22 41 25 14 50 35 39 45 27 21 37 1 19 18 10 24 23 47 28 16 34 48 9 15 29 30
43 21 22 14 38 37 16 45 42 44 9 30 26 25 47 32 12 18 6 33 7 50
10 30 42 29 17 39 12 46 31 26 44 13 5 48 40 50 45
49 35 25 10 23 39 41 2 33 17 4 28 8 50 5 30 13 7 32 37 9 24 22 11 18
42 49 15 4 8 13 37 45 27 1 28 11 32 39 33 23 47 2 41 29 50 26 24 14 16 46 25 12 40 20
48 31 5 9 4 36 24 40 45 6 13 11 34 49
26 35 34 44 19 8 50 15 41 17 49 2 28 6 16 32 48 3 47
34 3 2 45 22 41 23 25 16 14 27 36 46 21 44
19 15 35 20 45 12 10 30 36 46 18 29 37 49 22 42 25 17 44 11 43 6
3 40 46 19 32 17 7 49 11 6 33 10 42 18 27 45 30 29 28 22 35 31 25 39 36 20 16 23 38 5
47 30 14 36 28 42 4 12 29 35 13 17 10 46 33 39 21 3 7 49 26 20
10 30 38 37 17 45 3 19 5 44 35 8 42 21 34 18 50 11 20 15 43 47 24 39 31 46 23 9 16
35 9 30 47 21 26 11 27 14 28 3
33 15 12 7 11 48 40 1 23 17 27 21 32 25 31 14 3 10 28
2 5 32 15 6 45 39 40 23 10 19 22 1 42 14 18 47 20 24 25 43 12 13 49 46 28
47 39 37 8 17 5 43 11 3 38 7 16 14 1 49 48 19 29 35 41
7 47 6 11 45 30 4 22 32 35 38 23 21 9 48 17 3 2 39 24 49 25 14 36 28 37 33
19 21 22 30 7 3 1 11 34 37 18
20 39 15 28 22 25 34 32 12 4 19 47 27 5
4 6 50 43 14 31 41 24 25 22 8 38 16 46 40 11 3 1 13
31 21 39 48 49 3 18 5 38 42 46 41 1 43 44 4 32
14 18 31 21 50 7 26 9 48 29 8 1 49 19 41 30 45 32 38 36 10 6 37 22 28 16 40
17 15 29 45 41 1 24 38 25 22 35 27 5 10 9 6 33 34 37 8 18 2
16 33 18 34 28 24 17 43 40 47 6 23 39
48 25 10 43 42 41 8 36 22 21 17 16 1 39 33 18 40
23 17 4 30 19 6 50 14 41 32 43 44 48
19 7 14 15 23 22 42 40 25 21 20 46 49 24 9 31 43 16 13 37 34 1 10 6 41 38 29 11
10 19 46 7 9 22 45 26 14 23 38 37 30 13 29 36 47 17 2 35
46 28 50 49 17 24 18 20 21 4 1 38 14 13 27 48
46 38 33 28 48 37 25 42 35 16
7 23 12 11 48 2 33 30 10 35 19 49 9 38 18 43 4 37 5
14 33 39 36 38 41 6 26 27 17 9 47 20 15
45 31 1 49 29 36 20 48 34 11 41 8 2 44 43 42 21 3 38 32 10 19
30 32 11 44 19 39 31 37 4 14 41 40 48 45 21 22 5 10 28
48 34 21 11 37 12 33 25 19 30 45 31 9 50 6 23 46
48 19 47 41 20 23 33 29 42 14 17 18 25 24 9 43 4
32 17 14 5 35 26 46 13 25 33 49 21
32 31 39 45 17 33 1 16 24 6 43 5
7 27 46 11 44 38 21 10 35 31 15 19 8 32 50 2 26 6 9 34 36 17 5
37 42 47 38 23 30 14 7 20 24 1 45 9 29 28 33 21 41 46 16 34 10 25 32 12 22 26 5 2 40
39 21 31 13 24 27 15 47 37 25 43 5 11 6 38 36 12 32 8 41
33 48 45 14 31 20 37 39 4 12 26 2
50 26 4 49 40 46 23 5 9 13 45 29 28 22 27 2
9 42 13 33 1 48 49 24 19 25 38 30 40 4 37 31 41 39 36 8 21 22 29 26 28
46 36 16 42 48 25 4 11 22 35 1 32 30 44 19 14 29 34 45 31
14 36 20 48 34 47 16 5 17 40 9 18 28 35 43 33 4 25 2 12 50
4 17 28 24 44 14 16 40 18 32 38 27 26 30 10 23 46 3 36 8 5 33 19 49
12 33 47 31 36 21 50 29 42 17 6 34 10
13 31 35 8 44 46 2 15 43 12 6 42 10 3 40 36 27 37 49 11 41
35 19 6 39 40 38 50 36 12 25 24 43 11 22 48 37
10 23 31 42 33 35 36 16 47 13 39 19 25 48 15 4
25 32 40 3 9 19 7 31 15 34 33 14 12 17 2
48 7 50 41 40 45 15 19 18 27 43 1 23 42
41 37 17 46 38 15 50 2 11 8 10 9 28 7 21 18 6 27 30 39 43
41 11 32 37 2 19 15 16 43 20 49 34 27 50 48 29 17 14
45 8 37 23 18 36 16 31 14 15 3 19 1 49 33 27 5 40 2 29 11 50 9 6
47 31 10 25 9 2 3 39 45 27 42 7 26 30 15 44
14 46 13 23 20 12 38 24 1 26 41 40 42 50 48 30 49 34 7 39 8 28 6 22 21 17 36 37 16 44
39 12 28 23 19 2 18 10 40 43 8 48 17 15 24 16 25 31 30 41 9 21 47 42 5 29 38 6 4 22
44 28 41 22 5 49 33 34 25 37 38 13 26 19 8 24 27 16 12 23 14 39 2
31 25 21 4 45 24 18 19 49 10 6 1 38 16 37 30 42 27 3
22 35 25 21 31 36 27 34 40 30 28 6 11 45 33 9 16 23 2 7 19 8 42 44 20 32 26 39 4 10
11 41 5 2 15 32 6 40 39 10 31 29 48 1 25 13 3 14 16 24 7 35 20 33 38
14 41 18 4 33 31 22 39 50 28 25 29 19 16 48 15 17 47 10 34 42 37 36 30 21
39 3 23 49 24 16 11 32 18 40 35 43 47 34 44 30 9 33 31 1 46 12
20 32 14 24 34 29 45 46 43 33 25 5 47 49 36 12 16 1 28 21 41 44 48 31
44 37 20 50 42 35 13 10 47 38 14 24 41 19 34 25
16 12 38 6 26 40 30 45 35 32
6 11 35 32 14 17 39 25 5 48 27 18 43 45 3 29 24 2 33 28 44 26 16
17 14 37 39 25 8 44 15 36 18 31 35 10 48 46 45 49 30 27 28 33 24 32 34 7 3 40
50 35 49 24 12 21 46 10 43 44 26 42 39 9 1 6 5 31 18 20 37 38 28
41 33 25 42 19 47 40 13 45 5 12 22 32 31 11
22 18 9 31 41 24 40 47 49 48 5 29 38 12 2 34 44 32
15 36 50 37 28 9 22 46 45 49 6 47 34 18 40 27 48 16 41 17
37 10 21 23 11 15 24 30 26 9 16 48 6 33 40
4 8 1 36 20 7 24 42 46 43 11 21 37 35 50 34 25 9 40 12 28 10 39
41 27 25 40 48 5 37 26 8 2 45 44 32 21 10 29 1 50 9 4 17
40 14 22 13 16 8 46 32 42 17 27 33 45 48 44 37
48 2 13 4 27 20 21 18 30 6 50 47 22 43 19 38 15 35 7 37 23 25
19 9 43 33 49 29 44 17 34 7 31 3 14 23 20 28
22 8 41 3 18 39 21 45 30 29 16 47 37 2 5 40 10 42 35 20 34 36
7 42 33 1 29 49 11 16 9 17 47 8 45 6 3
49 12 46 5 13 26 34 9 28 22 37 2 45 20 31 7 44 36 48 14 23 43
31 38 18 43 1 42 26 45 27 22 29
11 40 12 7 20 24 46 47 50 14 34 10 45 1 4 30 29 2 31 32 28 23 25
6 4 41 49 32 28 30 15 20 10
27 5 24 20 11 22 42 14 36 35 32 47 18 3
19 42 15 26 35 39 23 21 6 27 4 33 46 49 22
4 5 33 11 39 30 6 12 21 26 32 1 37 45 23 41 20 15 10 13 25 31 34 48 24
35 20 30 34 10 32 1 6 45 18 47 19 42 33 3 14 17 21 23 13 7 11 22 16 49 25 50
38 46 1 13 31 27 48 9 3 50 43 41 49 32 29 11 30 15 2
16 45 33 13 37 1 11 20 42 26
10 45 50 25 20 13 2 35 40 41 48 14 21
50 21 6 43 25 4 40 22 28 49 42 38 15
25 35 42 8 17 4 37 34 41 39 30 29 45 20 24 9 1
36 44 41 43 7 34 26 31 28 46 18 48 10 14 1 47
34 14 8 33 41 26 22 42 47 24 12 20 25 46 4 28 49 23 6 37 35 32 31 39 19
16 9 44 17 37 28 32 36 12 26 46 33 43 35 23 49 30 31 34 7 41 47
21 19 10 5 30 13 4 3 25 22 50 41 31
7 37 21 32 12 49 8 6 15 29 39 46 33 43 13 38 23 42 10 26 34 14 45
16 42 36 30 23 29 24 27 18 15 34 5 32 14 2 12 4 47 13 38 41 35 3 19 1 11 7 8
38 28 32 27 50 22 21 23 16 43 44 3 39 13 18 35 6 42
39 32 40 31 8 3 12 2 21 7 36 41 37 11 28 47 20 33 22 24 5 19
29 36 9 24 45 38 23 50 17 47 20 2 25 15
6 1 10 49 12 27 28 18 35 41 34 44 50 36 13 30 45 5 48 19 21 14 32 38
36 18 5 12 3 48 44 21 17 43 23
33 27 34 8 39 3 10 13 46 11 41 38 36 37 40 44 47 19 30 28 17 12 25 4
16 6 2 45 22 24 1 19 23 31 42
15 50 21 40 16 23 41 8 44 36 6 10 9 1 12 3 25 26
49 5 10 1 9 43 30 15 40 12 29 36 19 21 35 26 46 3 31
21 2 28 11 42 50 15 40 30 6 5 17 39 4 19 32 48 43
50 6 2 14 35 36 31 15 40 8 1 43 47 5 38 29 11 24 30 27 44 25
8 30 15 17 31 43 38 2 20 13 27 14 9 41 37 19 44 16 33 36 22 29
40 47 6 2 35 12 31 38 39 27 44 17 15 3 30 21 45 13
31 32 9 44 40 8 36 30 13 10 18 19
36 24 39 10 17 14 27 3 30 43 4 9 15 40 47 12 41
40 22 25 29 5 36 18 32 21 30 15 4 43 48 13 37 3 34 38 11 41 35 24 42 16 49 17 46 27
41 29 4 17 13 21 42 28 19 15
5 45 33 22 3 23 49 50 13 21 20
14 32 34 9 20 49 35 11 23 16 30 47 40
19 41 48 28 27 44 47 6 35 15 12 25 1 3 31 22 46 4 40 32 38 8 30 39 10 45 26 2 14
33 19 4 30 23 2 25 11 32 40 34 31 36 29 9 27
10 23 3 2 29 12 30 17 46 38 42 50 33 24 13 20 4 49 11 45 31 9 44 36
20 23 29 12 28 35 14 10 13 36 33 18 45 4 50 32 19 31 7
26 30 27 44 32 31 1 18 13 34 14 23 41 29
29 30 20 34 26 6 23 42 27 38 1 40 36 41 3 24 8 45 50 7 43 16 31 12 47 9 5 21
26 20 5 23 45 14 22 31 27 10 28 38 41 21 44 29 49 36 46 37 50 43 35 2 40 7 17
24 6 31 39 47 14 27 44 20 26 21 32 30
9 46 35 2 45 7 33 15 39 6 12 36 42 23 18 17 3 20 19 4 34
39 13 49 29 17 23 40 11 48 27 41 9 38 36 30 35 43 19 26 2 50 45 22 5 31 33 18 37
12 11 47 45 48 4 50 19 20 43 33 5 21 32 36 40 17 46 7 18 13
24 44 5 12 50 29 27 49 2 8 16 25 1 10 42 31 33 15 34 19 13 36 46 26 32
14 20 36 24 12 26 41 23 31 42 47 9 29 2 34 38 33 3 39 16 19 5 50 40 4 21 35 44 46 28
46 27 11 17 43 41 4 34 47 16 18 13 3 15 36 39 6 30 23 35
6 8 41 17 31 21 14 32 33 35 27 44 47 49 37 7 46 18 5
10 6 23 40 17 29 4 36 32 1 41 43 37 13 26 11 22 30 20 12 16 44 24 27 2
14 37 10 18 43 30 25 27 15 35 42 33 29 34 19 47 38 32 45 21 1 11
12 35 29 48 6 43 18 8 28 3 50 15 17 26 13 39 33 37 22 25 38 10 24 36 14
39 19 32 35 13 49 22 36 29 31 25 34 18 28 12 43 14 42 38 24 5 4 50 15 44 46
31 33 42 38 37 15 35 3 48 20 41 34 9 22 39 10 29 5 21
9 40 15 2 16 3 46 25 18 29 38 43 10 21 41 14 47 48 42 22
6 50 11 10 17 4 25 44 43 32 5 18 33 28 37 46 20 41 35 8 23 49 39 48 47 40 15 24 26
9 27 24 17 5 26 25 13 42 46 39 14 38 45 47 36 48 29 2
49 10 29 5 1 2 41 13 27 46 6 3 21
12 21 8 31 46 36 16 35 26 5 18 10
14 28 39 32 16 5 35 30 48 47 4 18 42 6 7 40 19 24 37 21 27 12 15 11 17 33 29 46 44
47 9 39 20 19 26 31 4 30 16 3 42 22 7 25 12 49 44 24 29 43 1 35 28 38 6 48 37 33 2
40 25 7 50 3 18 45 12 21 49 10 1 42
23 8 16 47 28 17 43 4 44 10 50 21 31 48 18 7 38 25 42 12 9 37 40 35 22 46 11 32 14 33
32 30 33 27 26 48 16 41 25 34
7 9 30 34 33 28 44 24 18 4 39 43 29 1 11 32 50 35 27 14
24 4 38 29 23 8 31 49 7 44 40 6 47 17 11 30 41 50 32 9 34 22 26 33 19 10
33 44 9 8 31 1 7 18 13 5 22 4 26
41 39 49 37 16 32 29 47 26 44 14 6 3 17 20 8 15 36 4 24 2 30 40 5 21 27 50 10 11 9
6 33 47 15 27 12 29 20 50 3 19 38 43 32 39 14 11 26 40 5 35 9 4 22 34
34 7 49 13 26 28 8 10 41 9 17
21 10 42 40 45 11 37 41 25 31 2 3 47 24 8 35 18 28 32 20 36 34 19 13 23 50
49 47 42 5 28 41 20 3 30 23 40 35 16 7 19 2 31 9 24 17 10 18 32 26 50 12 43 34 36
47 50 8 27 19 46 35 4 30 31 22 13 17 32
40 37 25 2 35 42 47 18 4 3 7 22 26 13 17 27 43 32 28 38 39 20 6 30 23 49 31 46 1
16 8 17 47 36 12 9 5 19 35 13 33 31 2 7 38 27 41 6 10 29 11 14 44 15
4 43 25 46 15 1 28 35 17 33
49 38 30 16 43 12 24 27 6 29 19 23 33 47 4 50 20 18 11 14 3 1 41 35 21 46
31 48 32 46 29 11 35 24 42 2 26 25 33 47
29 5 37 16 17 20 6 34 25 47 3
12 27 31 43 14 19 17 8 35 26 49 10 1 42 41 21 33 37 18 4 48 45 6 44 47 22
35 40 27 5 24 7 29 17 38 23 9 13 22 12 11 14 30 15 49 1 25 34 3 50
19 7 27 28 2 43 24 14 31 12 39 17 45 41 10 32 29 44 35 22 46 20 3 30 13 50
41 16 50 17 40 3 47 8 39 35 19
13 16 28 25 36 31 35 32 22 33 49 14 8 17 1 44 5 38 48
25 44 29 46 47 50 13 32 14 22 27 20 9 41 15 10 49 4 42 33 37 17 40 6 7 8
15 9 12 37 2 4 27 48 39 22 18 30 19 29 21
1 2 27 21 14 15 6 16 48 4 50 10 39 25 32 12 40 22 41 18 20 34 31 33 36 44 13 7
8 23 16 11 12 33 26 39 27 30 20 41 43 44 2 17 46 34 48 13 49 29 35 28 36 40 18 7 15
35 17 32 46 34 8 49 22 6 10 4
28 41 33 50 2 6 32 34 40 4 23 17 7 37 20 10 47 26 48 49 25 11 15
49 32 33 46 50 20 21 19 24 15 14 37 34 26 25 2 28 11 27 48 35 9 5 1 31 38 44 42 43 10
1 14 15 41 12 16 42 6 3 2 28 47 10 45 39 44 36 43 29 26 48 49
27 41 45 49 33 36 16 24 10 28 17 19 50 35 5 3 48 15 31 26 25 23 42 39
24 50 42 28 34 12 46 7 43 17 3 45 47 13
39 30 18 11 25 44 45 26 14 15 27 7 42 49 36 12 8 2 35 48 6 24 28 13 31 47 9 50 33
45 46 31 21 26 33 34 41 36 13 39 37
49 6 12 44 46 41 2 10 26 1 21 19 36 33 30 3 29 48 15 17 27 18 14
36 45 16 27 42 28 31 37 17 24 34 3 35 30 38 2 8 20 14 47 29 33 9 41 50 44
1 44 46 41 7 16 18 22 13 10 47 36 26 2
33 15 38 13 49 3 5 36 40 48 34 20 19 41 14 8 7 29 50
45 4 18 19 43 6 11 46 33 31 40 25 3 5 15 44 17 39 48 21 2 9 26 13 49 23 8
23 15 46 4 26 17 34 50 44 47 10 16 49 40 2 36 14 25 39 27 6 33 21 9 19 8 45
12 41 16 45 28 27 22 26 3 24
48 9 21 14 10 16 37 49 12 1
30 50 26 23 36 2 9 33 3 40 35 39 45 28 27 22 19 29 43 49 18
29 42 46 24 49 13 18 12 39 17 14 43 34
45 2 21 6 16 46 1 33 34 23 50 35 18 26 36 24 49 27 8 5 28 47 20 39 10 31 42 48 3 12
35 34 21 23 19 47 17 10 20 6 38 36 7 13 27 12 49 33 32 43 26 18 4 31 41 30 28 2
45 29 9 16 1 42 34 38 18 37 22 32 2 8 35 48 49 47 44 27 28 24 33 6 23 41 46 10
32 47 23 28 11 8 50 18 21 49 4 2 31 26 33 40 1 5 15 41 6 27 29
25 49 15 29 9 50 35 41 3 5 43 22 20 6 8 44 23 10 31 33 28 46 11 27 4 21 19 14 45 40
50 34 44 14 9 4 45 5 18 26 2 8 49 25 36 42
10 50 38 23 30 8 2 34 11 43 6 5 36 1 20 22 28 29 12 26 39 41 45
39 16 36 5 15 25 20 43 47 4 22 42 9 48 37 28 49 35 23 3 24 32 45 33 2
33 38 3 7 26 22 50 24 30 2 19 25 12 31 27 8 17 15 13 29
21 46 22 10 31 26 28 13 35 27 34
12 19 39 35 6 48 49 22 47 31 32 17 38 9 3 16 4 44 34 26 2 37 42 20 28 11 30 40
48 30 29 50 19 2 14 5 39 23 34 11 44 41 31 17 24 43 22 36 28 8 45 18 40 9 21 10
36 15 23 24 26 31 8 43 34 33 19
28 20 8 21 16 40 43 49 36 5 11 46 47 37 22 32 15 13 39 48 42 26 25
26 14 8 28 21 32 19 31 50 29 9 39 27
20 13 30 41 3 34 47 1 19 48 11 35 2 7 42 4 50 45 25 22 43
38 22 48 7 31 15 24 41 23 36 1 37 12 29 19 4 2 46 33 30 47 9 8 25 3 20 27 45 49 14
22 47 17 23 38 41 9 15 3 16 49 19 7 4
25 27 34 12 8 49 37 40 24 28 21 44 3 14 5 26 9 35 36 7 46 6 1 15 2 19
1 37 9 7 22 15 36 16 31 12 35 27 10 48 40 26 50 32 28 18 3
43 28 16 22 19 8 18 4 2 30 47 7 3 33 24 20 15 44 9 23 41 5 48 31 46 50 35 25
32 28 2 35 25 30 4 31 20 29
28 24 26 18 23 3 19 33 44 42 10 17 31 32 20
28 17 24 14 23 48 37 27 45 36 49
43 10 41 32 34 26 17 42 30 35 9 3 16 46 23 28 50 13 39 33 2 15 40 37 22 25
11 30 41 16 48 46 22 18 37 13 49 3 47
29 1 19 17 6 22 45 41 37 2 10 13 7 20 25 42 39
41 37 17 42 20 26 14 2 46 3 1 19 25 32 9 27
17 34 11 42 24 39 19 37 25 16 49 22 1 7 20 3 12 44 41 29 31 50 33 38 6 36 27
50 21 33 24 30 22 41 26 16 44 10 43 4 1 39 6
47 37 38 20 36 17 39 29 21 27 2 4 48 7 16 46 50 49 31 43 41 45 3 1 32 28 14
7 32 14 41 30 19 3 25 11 9 34 38 16 8 1 5 48 10 12 20 17 26 22
42 19 23 33 50 29 21 17 32 4 20 18 43 49 45 26 11 7 40 12 15 16
8 42 26 38 16 12 30 3 9 45 41 39 17 11 21 10 4 50 14 1 35 49 19 29 22 34 5 44 40 27
20 37 34 27 31 38 6 9 23 17 35 8 30 29 39 32 3 4 28
46 43 21 37 10 17 20 33 45 34 29 4 25 7 49
40 10 6 39 45 13 8 34 15 24 25 2 19
20 42 15 43 18 37 10 13 22 44 29 12 7 8 39 50 4 46 25 45 30 16 2 27 36 49 41
35 1 22 11 28 20 19 26 23 21 50 42 37 40 38 41 32 30 2 48
47 13 1 37 43 40 27 8 39 44 41 38 25 48 19 23 45 3 31 32 5 18 50 35 22
39 26 15 5 41 21 20 50 37 42 4 33 47 1 45 24 3 40 8 6 43 7 32 11 16 29 30 48
32 24 6 14 44 7 17 47 45 18 34 40 42 4 21 27 46 49 2 15 23 29 26 13 8 9 5
13 43 5 3 38 31 8 47 24 15 16 44 37 6 21 25 22
10 15 23 16 27 49 43 30 20 4 17 46 2 26 31 1
26 24 34 36 14 30 49 2 45 17 4 8 40 32 29 47 48 23
42 44 41 19 4 27 13 12 1 20
1 34 31 6 36 39 22 49 16 30 12 3 37 45 2 29 11 20 40 13 35 33 47 21 5 23 50 44
1 35 43 38 17 48 8 46 25 22 3 4 27 19 9 45 30 14 13 50 18 2
30 34 16 2 5 35 21 48 32 7 3 31 10
16 26 2 3 36 48 45 30 9 8 10 15 1 42 5 7 4 41 23 24 20 38 28 37 14
8 32 16 42 49 44 30 33 46 21 45 36 31 28 22
12 43 5 14 13 6 35 28 37 19 42 24 36 39 30 34 1 44 45 21 18 7 16 8 27 33 9 3
36 25 5 19 12 1 45 11 10 35 31 4 24 14 29 38 44 47 30 49 7 28 41
38 10 28 3 25 8 33 43 48 49 50 41 22 2 40 45 11 23 27 32 7 15
23 20 26 43 44 3 6 19 7 21 29 22 39
17 4 21 49 36 9 45 29 46 40 2 26 35 8 1 43 50 25 28 48 41 27 14 44 12 6 31 15 33
20 44 39 34 35 23 32 8 36 4 5 27 41 12 47 22 3
19 14 26 2 27 16 11 32 25 10 12 3 42 31 41 28 15 44 18 29 47 8 37 39 4 40 1 5 20
48 16 35 36 49 46 31 28 34 20 29 8 3 40 19 22 45 1 5 21 23 39 11 43 25 9 27
28 36 48 18 11 12 41 10 26 25 46 31 35 8 4 30 34 33 20 22 49
13 6 29 7 37 18 46 8 10 19 24 48 28 11 34 12 16 20 25 47 45 38
4 27 25 15 12 2 18 41 26 6 11 39 46 22 23 38 1 32 34 31 49 9 24 14 28 48 19 21 43
15 23 21 31 44 42 36 29 46 5 45 7 16 33
11 24 48 30 33 35 32 3 43 40 5 31 49 7 25 16 38 29 34 19
8 7 43 23 41 31 33 22 47 50 2 37 16 29 38 28 25 10 30 42 15
46 13 26 24 31 19 28 8 7 49 20 12 43 1 6
42 2 30 39 50 29 16 49 15 12 27 40 3 36 26 35 10 11 48
7 21 6 17 30 12 23 35 49 14 13 18 43 8 5 46 31 10 1 42 2 45 28
26 42 9 37 45 34 25 38 32 14 29 4 6 18 47 16 31 33
39 49 10 9 16 3 8 18 19 46 34 45 41 33 31 29 43 22 30 32 47 28 6 14 21 4 5 15 12 35
17 43 44 10 22 41 25 37 32 48 16 4 35 9 49 3 30 2 15 50 6 20 7 21 29
38 46 47 49 21 12 29 8 31 14 20 27
23 11 26 35 44 38 45 19 37 25 16 5 7 10 34 30 46 1 17 22 48 12 27 4 20 9
12 37 5 6 20 26 3 9 4 29 46 11 27 8 44 32 19 25 15 28 33 40 45
6 47 44 4 10 27 36 31 30 29 2 25 37 43 39 3 15 12 22 40 17 19 42 46 26 38 8 28 33 41
26 14 13 49 45 31 44 33 15 8 34 42 25 21 50 19 12 17 29 38 16 18 10 40
6 11 31 47 35 10 1 27 22 9 23 17 4 3 29 20 50 39 19 28 15 45 33 25 8 48 42 44 24 13
30 18 32 11 48 12 34 14 43 25 21 31 17 5 44 3 27 39 49 22
9 16 19 45 50 27 25 21 29 20 15 41 11 44 46 8 26 12 28 1 18 31 17 23 47
40 20 13 11 15 23 17 1 8 12 44 32 36 50 24 6 39 7 31 5 19 27 47 46 16 22 43 25 10 3
41 35 25 34 27 22 48 18 42 43 47
11 37 50 31 34 33 39 13 46 16 17 48 44 41 20 1 22 30 5 32 28 45 18 43 29 27 49 8 9 2
34 31 24 50 15 32 27 19 47 13 43 30 28 6 41 40 44 49 8 23 16 33 3 18 26 10 45 9 4
15 12 42 5 1 38 28 23 18 10 36 27 4 41 19 40 37 21 9 17 43 47 6 14 46 25
46 35 38 41 24 18 49 22 28 3 10 15 9 2 23 34 4 50 33 7 30 32 17 37 40 12 14 36 48
22 36 35 31 6 49 40 28 33 10 5 34 16 19 13 20 25 4 37 2 11 12 42 45 8 24 50 23
3 1 5 21 50 46 13 19 8 4 23 16 39 18 26 12 22
29 37 30 13 45 48 32 23 15 10 49
40 38 22 6 41 17 42 29 45 12 36 33 10 15 46 11 44 14 39 30 1 9 23 16
10 27 36 34 33 4 31 23 49 29 20
29 32 3 20 43 2 34 44 19 7 45 46 4 24
35 44 25 1 16 45 34 21 22 36 47 37 2 40 11 32 14 8 4 41 15 19
35 27 29 1 36 17 43 38 12 26 4 50 22 28 7 11 19 42 33 16 34 13 15 25 2 41 45 47
22 14 5 15 40 45 49 4 26 50 34 32 18 13 48 7 41 39 24 25 44 31 46 19 6 30 38 37 23 21
42 1 16 49 35 13 25 5 3 20 36 8 2 48
26 16 33 32 28 41 19 2 35 9 8
11 43 4 15 7 26 3 21 48 42
21 7 30 12 43 35 28 27 8 1 25 42 15 36 26 18 33 4 49 45 41 39 20 46 32 24
47 34 37 30 19 18 43 23 35 7 49 2 33 9 28 24 6 14
35 24 30 22 5 16 6 26 33 13 28 32 43 23 45 18 31 7 49 50 40 47 21 1 46 34 37 10
35 18 33 9 6 14 42 17 49 45
27 42 11 41 3 12 37 47 26 9 33 20 32 35 39 10 25
28 17 42 46 23 45 5 22 43 29 13 6 14 26 33 44 34 2 21 48 40 47 18 15 49 19 27
22 9 38 7 6 45 24 11 26 36 44 12 10 29 1 50 43 30 34
50 36 35 44 33 5 1 27 16 25 17 18 40 8 42 10
39 32 24 1 11 15 18 20 35 22 43 45 27 33
48 29 23 50 17 49 19 40 7 34 22 36 27 37 31 18 33 38 11 45 47
5 1 16 38 9 39 10 12 42 31 46 33 15 23 50 13 47 20 2 25 4 29
38 43 17 16 41 20 34 48 10 24 8 14 3 37 18 11 46 44 30 29
35 45 18 36 14 5 7 48 39 27 32 11 15 44 31 30 40 13 24 29 34 8 10 33 22 17 2 28 50 9
5 9 50 1 33 36 39 42 26 37 32 7 28 10 44 49 24 40 3 4 27 23
15 32 42 3 34 22 26 5 48 19 37 12 21 39 18 7 43 10 47 8 44
5 41 19 17 3 45 28 9 42 35 2 22
37 26 36 39 4 35 41 31 46 23 18 17 33 20 16 8 22 38 21 44 29 30 11 49 25 13 42
34 27 15 26 44 12 28 42 5 25 37 17 18 10 6 46 47 45 16 50 32 24 13 9 35 38 33 40 36
11 10 42 29 50 49 39 38 16 40 12 21 26 33 32 17 44 35 2
35 47 39 10 3 22 16 49 46 23 41 18 45 34 33 17 36 6
47 50 30 2 5 22 13 25 7 26 45 41 6
49 3 17 31 12 14 42 26 21 37 27 16 8 20 7 5 24 25 19 43 38 10 34 22 6 23 30
15 2 31 34 49 27 29 41 3 22 12 25 48 14 23 36 17 13 11
45 47 25 40 7 26 19 13 21 37 41 11 34 6 30 2 32 28 43 38 23 17 46 12 27 35 33 50 24
15 35 21 38 49 25 45 23 31 18 12 7 30 47 1 48 34 41 5 28 8 37 36 42 4 9
46 2 12 30 31 49 24 42 41 39 7 27 3 21 20 43 11 50 5 28 37 32 22 29 16 19 17
33 34 12 15 42 25 23 40 29 41 17 45 49 7 13 1
8 33 13 18 45 43 23 22 44 49 20 37 48 6 46 14 36 2 50 15 26 17
33 35 26 15 42 47 44 1 19 50 12 30 28 4 8 39
25 17 8 18 19 16 39 31 45 24 4 29 1 41 35 10
1 29 47 2 50 17 24 27 5 33 15 44
26 21 31 17 34 19 10 11 14 6 48 7 43 27 29 46 37 33 9 2 45
1 33 12 36 32 39 40 27 8 9 31 5 48 50 43 47 11 16 28 10 20 26 15 22 38 41 25
6 35 42 33 44 45 21 39 26 8 12 14 34 31 24 50 40 16 37 25 32 20 9 47 30 23 4
49 22 18 39 48 23 32 7 8 17 11 24 15 1 13 25 26 6 50 20 31 42 47 9
26 42 43 20 9 6 23 37 11 7
14 45 47 36 17 30 1 42 15 44 50 41 19 9 10 7 48 40 43 16 6 21 5 27 31 24 29
26 22 16 5 1 6 40 47 23 41 50 20 34 45 31 42 32 13 4 30 15 48 21 8 12 14 3
9 46 5 30 15 16 39 32 43 40 18 20 25 44 35 23 42 36 49 47 7 41 37 2 11 12 21 27 50 17
11 50 2 45 31 25 9 6 15 20 47 46 16 44 49 5 17 19 4 30 41 27 21 29
7 46 42 2 29 25 12 8 32 40 13 17
30 9 5 46 41 26 34 27 29 25 13 4 1
9 22 5 29 50 35 39 25 38 32 26 46 34 47 21 28 17 19 37 14 4 11 45 27 42 40 13 43 20
34 43 40 36 23 31 46 21 47 44 42 9 33 4
23 36 38 2 8 40 18 32 1 33 48 43 45 6 17 9 47 7 11 42
29 2 33 5 13 10 18 34 31 50 22 14 42 49 46 41 15 7 24 4 12 25 38 32 45 23 44 27 36 28
40 2 16 42 15 43 12 25 3 7 48 23 39 19 5 47 36 17 29 27 30 8 26 6 34 18 33 24 31
31 9 42 32 19 40 16 38 25 27 28 33 2 44 13 17 18 43 29 21 12 5 8 49 4 14 22 48 36 24
11 16 34 13 17 15 45 38 36 24 18 12 37 2 40
47 40 20 35 33 28 44 27 13 48 26 32 42 38 45 43 39 15 50 34 2 5 37
46 40 12 42 39 35 24 7 9 30 5 1 11 22 49 43 34 50 38 16 13 36 41 15 23 10 17 4 20 21
32 33 5 46 29 43 41 48 31 25 42 14 49 3 18 35 12 16 21 45 50 37 10
20 5 14 42 33 22 38 9 3 26 47 43 34 37 1 48 49 11 50 41 27 44 4 8 2 28 31 39
44 18 32 40 45 7 30 46 35 29 43 23 34
18 35 45 25 49 41 10 31 30 15 13 19 6
4 33 30 35 45 28 31 1 44 29 23
29 39 34 14 16 41 18 9 22 1 15 5 3 45 23 47 17 33 25 24 11 7 12 37 6 8
22 6 13 7 18 21 49 33 35 32 15 43 23 26 19 20 9
22 30 21 9 13 48 20 47 11 28 32 40 17 5 1 41 4 10 25 23 37 19 34 26 29 16 39 50 31 44
41 9 18 5 17 47 33 20 27 4 22 24 14 21 32 12 6 13 3 23 29 26 30 2 50 42 35 44 10 31
18 17 16 6 7 43 36 25 47 5 46 50 37 19 34 38 20 48 23
23 2 47 1 21 33 7 35 26 41 29 22 8 19 49 10 31 20 27 16 37 3 17 4 5 34 28 13
1 27 36 18 16 25 46 43 13 42 34 37 11 24
25 9 47 4 50 43 39 6 42 19
43 22 34 44 32 16 14 18 40 49 5 7 23 42 27 29 15 47 28 45 36 46 25 1 31 41 10 13 21 50
23 47 15 44 21 37 45 42 25 35 30
50 23 32 4 25 1 3 5 49 21 38 6
41 49 17 47 19 38 7 12 42 6 24 1 50 28 8 10 15 16 46
31 42 1 47 15 20 19 14 43 36 8 44 12 23 26 30 16 25 48 3
15 22 34 44 32 13 31 46 30 48 2
12 23 2 37 41 47 27 26 1 20 44 35 42 46 39 13 34 5
5 22 4 38 50 6 36 34 48 42 17 14 7 26 37 8
8 44 45 7 15 48 40 32 17 43 26 9 21 12 36 24 29 49 37 35
41 34 6 28 13 23 46 10 36 39 43 11 9 44 24 15 29 21 18 42 37 19 2 31 50 14 16
41 32 45 16 38 4 2 5 20 43 27
13 38 17 24 9 48 26 31 21 22 35 11 39 34 10 45 40 23 5 50 29 37
28 48 27 46 39 23 9 32 45 17 40
26 45 7 20 47 18 14 36 22 32 13 15
10 45 21 44 9 4 50 16 14 15 47 3 35 30 2 39 24 43 49 32 8 5 36 25 1 33 17 29 7 12
34 38 26 39 40 14 42 48 32 43 30 44 8 49 25 20 41 4 19 22
14 49 47 41 21 32 24 13 42 12 1 31 25 39 26 5 15 36 46 30 45
29 15 6 2 34 32 3 23 33 35 10 13 45 16 20 48 17 25 31 26 38 27 28 46 39 22 19 4
48 26 37 17 25 6 7 35 24 9 8 5 3 27 43 46 13 12 44 20 36 18 42 11 34 39 45 23 29 40
9 17 37 48 5 38 31 14 20 19 26 47 41 32 23 11 16 27 44 15 42 24
12 13 9 29 25 41 1 22 28 44 24 21 18 47 2 31 45 38 35 19 26
35 50 48 3 9 6 31 27 40 42 8 38 43 5 36 7 39 47 12 26 37 4 29 46 33 19
10 25 41 6 9 4 37 19 5 45 3 21 33 14 28 8 48 35 30 18 31 44 38 13
47 44 5 31 18 6 39 35 16 20 7 24 15 9 37 25 49 38 32 1 26 34 33 28
1 46 35 8 10 24 50 29 44 38
4 22 1 26 2 14 44 21 32 46 29 50 30 23 25 33 35 45 49 39 18 36 38 41 17 6 20
31 50 10 41 24 35 13 9 2 27 40 37 43 6 48 28 44 39 32 29 22
44 43 27 49 16 15 29 10 25 21 40 2 32 46
50 36 28 18 23 9 44 26 15 19 31 41 29 47 39 4 40 2 33 46 35 45 16 11 48 7 14 21 30
5 26 13 11 14 4 16 33 50 43 18 39 40 29 32 30 17 31 21 2 35 46 9 38 15 47 3 27 34
41 17 32 50 8 11 35 2 24 43 38 31 42 22 44 18 40 28 10 19 13 7
13 27 2 35 25 28 38 9 22 21 32 5 48 50 33 44 43
46 34 20 17 29 31 25 1 24 7 2 39 10 26 23 11 49 48 16 22 4 27 3 14 33 9 47 13 15
1 31 3 12 27 48 23 7 46 20 29 32
9 1 15 32 21 41 12 37 22 16 46 17 49 18 36 27
1 46 44 16 28 50 7 40 13 33 3 42 14 49
28 21 13 22 17 40 47 14 34 46 36 2 32 19 37 30 12 35
17 7 23 44 21 39 26 11 45 32 9 31 29 43 25 1 49 5 30 50 14 18 42 35 2 27 8 13 4 15
21 2 27 39 14 37 43 9 50 31 17 5 40 45 35 41 3 1 44 19 42
22 14 49 20 26 15 18 29 38 16 3 30 44 27 37 7 17 47 33 25 8 32 50 12 46 21
20 37 28 46 25 3 43 40 19 27 13 26 24 14 50 29 21 39 12 6 2 44 34 9 42 47 31 1 10 49
26 50 32 10 33 6 5 27 46 25 39 29 49 4 22 45 35 37 34 15 1 48 20 42 43 28
18 43 5 30 3 41 10 37 22 48 4 12 38 44 1 29 17 45 16 8 23 31
25 14 20 37 9 27 3 42 48 36 50 13 24 10 39 4
31 30 22 38 10 43 21 29 37 15 36 42 47 19 44 39 6 32
48 27 14 19 1 9 38 49 21 29 4 34 47 7 16 13
26 23 16 31 41 22 30 18 20 25 1 45 28 46 35 24 14 49 27 17 9 19 40 43 44 4 11 36
12 18 39 26 27 7 44 15 3 46 20 33 1 45 49 31 42 16 11 40 21 10 6 47 43 38 5 34 14 32
7 42 30 26 24 10 13 29 1 48 11 32 47 33 21 49 6
30 28 10 9 31 50 35 48 45 40 46 15 2 33 37 24
12 25 50 3 35 37 27 13 6 11 16 28 19 20 24 18 8 32 31 46 7 22 34
8 14 45 10 19 49 42 33 35 32 7 1 29 27
13 33 12 25 16 28 26 23 39 40 30 17
15 28 47 50 5 41 26 32 45 29 35 19 12
46 3 8 7 38 23 50 48 20 41 32 28 15 2 29 44 5
43 17 14 28 49 32 16 47 4 31 20 39
15 8 48 1 6 30 39 38 24 16 13 45 31 33 19 2 22
4 10 16 9 32 26 8 23 3 46 20 29 6 36 11 14
4 35 45 15 37 44 33 31 13 20 41 48 14 9
28 6 47 4 16 12 9 7 29 26 37 5 10
44 4 22 41 1 32 28 49 17 6 15 26 2 40 45 16 34
25 2 36 47 4 19 12 22 13 14 31 5 50 39
13 32 36 6 3 17 18 19 47 25 21 15 14 44 1 49 35 37 7 33 23 29
19 36 43 5 15 34 45 39 9 6 16
29 40 45 22 23 15 31 21 47 6 41
24 42 43 33 36 47 11 4 20 23 27 10 21 40 45 48 39 37 17
29 36 16 49 35 5 24 37 48 13 45 42 11 26 40 22 17 50 9 12 15 4 18 8 41 44
36 22 38 13 29 3 31 46 34 21 32 26 2 20 17 41 5 28 19 12 4 10 15
42 35 40 10 38 14 5 4 15 47 3
40 39 47 11 28 14 6 15 4 16 32 19 7 26 31 8 25 49 42 21
21 39 5 13 44 36 16 31 50 27 45 24 32 1 49 23 38 41 29 12 43 47 7 22 25 35 8
42 47 3 46 15 35 26 34 38 17 49 7 22 2 50 33 41 10 39 6
2 18 26 30 12 29 49 42 47 38 10 34
32 6 25 30 21 37 29 41 46 38
26 9 3 7 47 12 8 24 31 38 22 28 29 32 4 33 5 17 30
16 44 34 25 15 31 35 43 38 32 10 24 23 8 3 21 36 20 30 6 41 48 37 14 11
38 21 1 5 16 42 9 39 32 24 11 17 43 37 41 44 27 23 48 46 31 34 36 28 19 35
28 34 18 39 33 5 24 26 49 31 10 35 9 13 15 27 40 45 22 36
43 35 49 16 42 38 3 44 21 12 11 10 2 46 30 41 25 9 4 50 17 19 23 6 13 40 26
48 43 47 9 46 15 17 42 39 2 41 30 29 5 3 19 24 37 8 38 4 1 40 21
15 41 21 44 33 38 49 13 5 50 4 43 14 24 40 19 26 6 27 48 35 10 11 25 45
8 36 26 16 28 14 24 22 3 20
46 29 8 49 13 32 44 30 24 20 23 37 3 10 19 38 5 47 27 48 18 33 2
28 38 46 9 27 35 10 22 15 3 48 11 2 40 49 5 12 50 25
14 28 48 37 3 36 25 49 35 11 44 27 33 16 38 6 20 47 22 43 4 46 39 10 1 26 31 30
39 24 14 32 46 3 35 28 23 31
30 37 23 19 4 22 45 50 26 41 18 11 48 42 3 10 15 32 28 12 7 33 25 17 47 36 46 31 24
22 10 34 20 46 18 49 33 24 2
2 27 12 1 29 4 31 21 18 3 23 50 20 11 40 24 5 10 13 32 16 15 7 19 42 25 37
4 15 35 36 10 29 40 46 30 22 14 27
9 12 22 8 32 13 21 26 49 44 43 50 28
1 39 41 37 21 3 30 6 23 25 50 19 35 24 4 32 29 17 47 33 48 8 46 22
44 12 29 17 37 8 1 10 42 25 9 21
6 23 42 39 5 21 47 14 28 13 32 19 12 20 11 34 44
28 35 11 27 44 19 7 10 42 31 17 24 8 43 25 48 12 9 47 33 46 22 3 41 38 4 39 16
17 46 16 18 25 29 23 47 11 37 3 19 21 32 49 6 27 36 24 26 40 38
10 22 15 37 17 40 4 2 43 8 18 47 21 39 42 46 41 9 38 44 5 31 36
35 16 30 4 24 10 29 7 34 8 45 26 27 14 40 20 21 43
36 32 3 21 10 12 50 17 44 48 19 16 38 5
5 22 46 49 8 13 34 29 15 26 20 30 44 40 16 33 2 45 24 1 27 11 37 21 42
14 47 25 39 35 24 22 44 11 42 12 6 26 37 9 41 36 46 10
14 19 47 34 1 3 42 22 31 49 21 29 17 37 12 23 40
33 16 50 41 39 38 40 23 11 35 2 47 13 24 25 42 9 28
34 47 28 44 50 43 42 27 19 17 33 8 1 38 15 49 45 40 30 5 22 20 18 11 48 39 26 35 16 25
27 22 41 1 7 25 26 30 8 4 29 19 43 23 34 2 28 50
43 5 49 20 27 9 21 46 39 23 42 7 22 50 31 37 32 18 4 12 26 34 44 3 33 25 30 13
12 14 35 17 16 26 7 39 18 50 9 24 15 3 25 28 41 6 37 1 34 8 47
49 29 44 2 17 15 48 24 41 19 35 47 6 16 10 38 33 27 46 36 1 26 42 39 30
13 19 1 37 50 38 3 16 46 22 35 44 29 39 5 15
43 29 45 16 11 13 20 6 38 41 30 17 25 14 50 42 23 12 35 47 7 9
47 25 6 2 11 50 32 44 26 33 42 39 37 9 36 48 1 20 23 16
11 6 15 19 43 31 27 24 29 22 18 45 42 8
24 10 46 25 45 42 23 34 40 6 41 12 39 49 3 8 47 9 32 50 1 14 21 26 4 35 19 15 16 28
43 6 48 32 45 34 23 38 15 14 18 49 4 11 27 40
43 7 48 34 21 33 36 5 31 22 39 11 41 3 23 46 25 24 18 26 37 6 16
35 17 1 34 26 9 18 50 28 25 16 22 2 33 14 6 49 5 11 41 44 31 12 21 29 24 30 37 39
14 40 26 15 27 38 20 48 11 45 43 3 50 25
36 40 9 33 47 45 26 8 5 31 6 46 3 24 37 29 17 30 32
17 38 44 23 8 21 5 14 27 33 15 19 31 18 4 20 41 25 7 2 46 30
47 25 42 38 39 43 37 50 36 10 9 4 29 34 46 44 45 11 27 8 18 48 31 17 30 22
43 34 10 11 16 50 33 29 17 26 42 47 18 15 25 36 8 9 6 49 14 32 45 3
47 42 43 45 34 41 13 30 20 16 4 31 39 46 48 44
3 43 22 40 31 18 50 41 38 15 1 28 25 16 42
12 18 14 2 7 39 30 46 50 8 40 35 1 19 37 34 22 32
31 35 24 41 23 32 1 37 29 19 2
17 19 29 26 39 1 18 43 25 6 48 36 11 9 7 22 38 15 50 32 46 4 41 8 35 16 5
3 34 42 12 32 35 11 18 9 43 38 10 27 21 31 4 14 15 33 24 2 17
23 43 46 45 13 33 29 34 22 21 19 47 50 38 40
9 47 39 37 38 5 1 10 12 22 4 42
45 36 46 16 14 20 30 49 24 42
50 49 11 8 44 29 21 26 12 17 3 33 16
22 16 27 5 13 37 32 24 6 48 9 41 28 36 11 50 21 38 18 30 29 43 40 31 3 23 45
42 49 37 17 26 32 29 23 31 21 30 22 33 12 40 36 3 15
3 36 47 4 27 48 5 31 44 2 6 41 38 33 45 32 12 18 24 20 34 28 40
2 27 25 35 8 19 48 9 40 15 13 21 28 20 43 14 47 7 6 5
35 38 14 28 22 23 11 34 24 47 32 1 6 8 40 18 7 26 10 3 2 25 50
13 40 35 38 25 46 4 37 15 1 22 29 5 16 18 47 44 14 50 42 10 30 31
7 40 34 49 24 39 14 11 18 41 10 50 16 45 35 30 43 3 26 37
25 4 34 13 24 37 5 38 3 23 14 19 18 39 41 50 46 17 27
7 21 6 17 34 3 47 30 46 48 5 35 28 27 1 39 2 20 16 8 14 45 49 4 13 9 19
43 14 9 4 47 33 50 37 44 35 18 15 7 32 39 24 48 31 20 36 6 30 41
41 43 2 18 9 34 8 19 32 3 48 25 27 17 20 50 10 6 4 47
40 7 30 45 37 19 18 48 13 23 3 41 27 15 39 17 44 20 33 42
47 9 21 5 18 3 17 2 19 25 31 20 13 15 8 27 14 24 6 28 39 50
23 6 42 49 46 14 44 18 41 25 8 22 43 2 39 29
35 49 2 46 13 36 22 42 25 17 28 21 41
11 37 24 43 19 26 9 36 30 21 25 10 6 31 34 15 32 27 47 38 22 2 18 35 42
21 16 31 15 47 46 41 18 11 13 24 26 39 10 28 3 6 35
34 44 33 47 12 10 38 32 27 41 13 29 46 31 17 23 24 18 37 21 30 49 42 22 28 39 7
12 40 24 16 6 39 29 9 42 19 30 11
3 46 38 14 9 25 30 28 12 23 16 21 42 32 40 34 35 43 6
6 38 20 23 45 40 39 2 30 14 49 35 13 43 5 19 25 26 50 18 34 29
22 10 33 14 32 29 41 3 4 28 1 21
30 5 33 8 31 15 7 44 12 19 27 34 39 38 17
33 3 27 39 26 42 21 48 40 13 38 2 24
49 6 18 1 12 41 8 29 24 28 21 43 38 37 42 39 35 5 11 47 30 7 4 20 17
4 15 19 47 14 7 41 46 31 45 24 40 9 48 26 2
29 36 6 45 18 20 12 44 4 16 39 47 3
32 13 39 38 25 35 33 40 50 24 17 9 44 10 7 28 8 45 18 20 29 37
2 29 31 39 45 47 41 19 35 34 15 28 5 18 4 12 9 1 27 50 33 20 26
18 29 49 3 47 31 11 50 22 38 12 13 15 24 40 44 46 39 28 30 23
49 12 45 19 37 32 35 31 27 30 22 36 14 41 18 3 26 29 9 40 33
40 6 13 50 42 20 32 34 25 5 46 22 27 15 41 9 11 2 30 31 36 4 12 26 48 14 24 23 16 3
17 14 39 33 47 46 42 4 23 38 11 7 25 9 27 13 30 48 10 19
28 24 19 18 1 38 20 6 46 39 44 3 13 25
37 48 7 15 29 12 36 30 50 8 1 4 9 18 24 11
33 23 22 34 11 4 40 15 19 39 6 25 43 13 5 32
33 17 13 8 9 20 31 16 40 47
8 21 50 13 39 34 7 12 6 23 38 30 22 10 3
38 28 2 31 14 48 4 16 49 39 10 35 46 34 32 26 13 19
41 25 31 30 17 40 4 24 9 22 5 38 29 11 33 19 1 46 28 49 42 8
40 29 23 7 45 6 44 37 30 20 33 26 42 4 12 50 17
8 32 11 39 6 29 5 4 47 48 38 25
29 10 7 49 32 28 16 24 1 45
45 4 34 10 22 35 20 50 25 47 14 27 21 7 46 2 12 41 23 5 13 15 29 6 28 26 49
34 15 39 6 14 16 42 22 50 10 12 4 19 21 29 26 20 7 47 38 1 45 35
3 32 14 38 28 2 10 1 19 11 37 42 25 12
3 27 13 49 23 38 50 1 12 43 16 20 4 42
10 45 40 24 32 28 41 17 42 13 14 12 34
36 34 46 5 10 20 9 38 37 7 13 15 30 4 14
16 3 4 11 26 34 18 29 28 46 7 48 35 47 2 40 38 45
41 2 32 43 1 9 21 10 30 13 27
20 21 7 29 42 13 10 30 9 31 32 17 47 27 46 24 4 18 8 3 38 48 33 40 14 28 36 2
4 18 37 26 27 22 3 19 43 12 11 47
17 28 41 38 50 29 19 30 46 36 33 34 14 47 43
36 28 40 5 6 32 4 31 33 34 50 23 20 15 11 1 18 45 12 3 30 49 39 13
8 21 46 23 47 22 33 14 50 19 38 37 20 2
1 13 47 31 14 2 40 34 43 22 6 36 25 24 15 5
5 27 33 41 8 2 36 50 23 1 44 31 12 10 28 30 39 42 38 13 3
20 15 21 36 32 6 33 39 17 37 40 27 2 8 28 24 30 9 18 22 1 44 25 16 5 14 41 45
7 43 42 12 6 28 19 20 3 49 44 41 47 18 32 29 16 9 40 38 31 34 45 48 22
38 14 3 28 45 1 10 42 39 46 11 20 27 35 50 9 19 29 24 44 12
38 40 39 35 43 13 20 45 11 1 27 31 4 25 24 34 22 21 10 18
34 36 37 23 21 43 13 16 17 38 48 14 18 46 26 11 5 2
13 9 27 30 35 34 1 48 46 18 15
45 42 40 27 16 26 32 50 6 3 49 24 39 48 43 1 25 22 46 2 30 17 36 44 37 7 41 23 13
36 20 31 44 9 47 15 38 11 13 3 1 37 48 49
16 39 24 43 33 5 22 12 48 14 44 46 50 37 34 49 18 10 31 9 28 35 2
7 48 6 23 26 36 30 5 14 32 13 1 33 8
44 27 42 7 45 18 33 46 16 38 22 37 50 40 35 15 39 43 8 6 17 21 20 11
32 3 23 6 12 44 10 1 42 47 30 48 9 28 16 5 41 27 36 31 22 19 46 40 33 21
14 44 45 18 32 12 6 47 48 23 33 16 22 31 20 5 7 27 19 17 46 40 21 26
2 48 11 32 37 25 39 30 27 12 26 40 22
50 1 14 38 35 48 28 33 39 11 47 44 2 42 12 27
17 12 19 7 45 31 46 11 9 27 48 49 35 42 4 38 24 32 10 36 29 15 37 50
37 30 26 50 39 28 2 45 34 20 10 17 19 33 25 15 22
2 12 21 26 13 39 20 43 14 19 24 5 28 1 44 6 25 50 9 41 45 3 49 11 15 38 32
26 47 2 15 37 11 45 43 5 16 29 48 20
11 41 7 3 34 8 47 21 29 37 31 35 19 27 24 23 33 12 30 28 18 20 40 17 39
21 14 5 45 19 50 31 47 3 42 18 10 34 1 8 23 41 4 16
36 34 17 3 14 13 1 27 50 7 18 38 5 12 15 42 41 39 8 31 2 6 21 40 19 43 16 4 20 28
46 14 2 33 42 20 38 3 12 29 24 41
28 46 35 26 4 32 20 47 17 8 23 21 36 19 15 38 30 44 16 22 11 25 49
50 33 25 20 27 11 24 46 35 48 5 19 1 38 26 44 40 8 34 29 22 49 32 37 10 12 21 39 16 3
50 25 6 45 27 23 31 13 5 47 28 15 3 39 1 40 29 19 11 34
33 5 10 47 28 11 49 14 24 43 20 16 34 26 23 12 41 30 44
43 18 35 16 50 27 10 44 46 33 26 15 12
23 27 13 17 24 15 44 45 30 11 35 12 3 8 6 20 31 43 50 14 42 36 2 25 34 22 28 18 9
29 36 15 5 33 9 19 37 48 44 1 23 32 14 16 49 18 45 4 3 46 34 12 38 28 2 40 27 31
24 31 4 3 16 27 40 48 8 28 10 1 9 13 41 5 7 44 35 38 26 43 25 15 12 50 21 18
31 12 35 22 30 10 47 42 14 21 13 44 46 34 11 27 36 2 24 6 8 4 40 18 26 38 28 32 41
45 39 5 26 38 31 30 14 41 27
44 39 29 47 28 26 38 16 43 42 1 21 25 24 45 7 32 36 33 50 13 18 35 6 14 8
32 30 14 19 9 27 46 3 11 22 7 35 37 10 47 15 6 4 23 16 21 2 43 31 34 41 36 40
31 11 1 46 17 15 22 36 33 37 12 38 24 6 42 26 40 35 44 21 47 45 10 25 48 30 27 39
48 43 36 27 25 7 18 3 49 33 37 42 1 44 24 17 11 34 6 45
47 1 5 27 20 25 3 46 12 2 13 19 6 10 44 35 48 37 17 34 4 23 16 11 29 49
50 35 41 3 20 45 9 31 33 6 14 1
34 24 50 48 29 19 43 14 8 18 32 15 5 17 3
12 40 44 30 45 50 14 11 49 38 47 36 42 39 15 17 19 46 26 8 41 2 34 31 9 28 24
40 33 22 26 47 7 46 17 20 48 42 27 9 28 36 23 8 41 25 3 11 39 19 6 44 37 50 35
5 32 22 44 37 50 10 12 39 31 49 48 35 21 13 15 43 2 16 3
8 41 42 34 11 17 6 36 38 15 24 1 37 48 49 23 18 47 33 50 26 31 4 32
32 4 10 15 48 41 2 6 37 46 8 21 47 16 9 49 42 7 45 3 36 26 18
39 44 31 4 28 36 41 15 40 3
31 26 18 14 44 47 40 1 25 48 50 41
22 44 21 50 20 23 1 26 41 30 2 24 48 10 45 18 37 35 11 19 49 47 31 12 9 38 39
1 35 15 9 24 3 43 6 50 11 18 13
17 44 5 24 28 1 16 9 20 6 7 21 12 23 15 27 39 40 31 18 10 29 35 2 13
8 13 34 50 14 18 22 6 35 32 20 15 26 37 39 16 49 12 40 33 47 24 44 28 5 4 38 10 2 46
33 38 6 7 30 11 35 48 18 34 15 8 31 19 29
3 40 26 21 2 20 45 30 49 7 36 4 13 50 46 9
44 29 12 10 25 35 16 11 27 33 36 19 1 37 21 6 40 49 34
14 33 20 39 45 36 44 6 9 10 19 50
27 2 23 20 31 37 24 44 45 49 29 42 3 5 16 40 14 22 6 32 36 35 8 34 48 13 26
11 19 21 5 36 9 26 14 4 41 24 22 7 18 50 35 47 17
27 19 46 45 6 47 38 5 40 34 11 39 16 50 4 20 31 29 48 41 22 12 13 24 28
9 25 22 26 17 2 37 4 6 30 29 5 11 35 10 3 24 46 16 13 20 41 47 19 27 21
29 50 23 17 41 45 24 12 8 14 39 9 25
46 49 9 26 17 32 25 31 40 18 5 15
7 48 14 30 33 1 29 18 49 16 22 10 9 38 34 31 23 13 37 20 47 8 27 26
20 1 35 39 32 16 9 40 17 37 4 12 34 10 30 47 24 41 23 7 49 26 5 29 11
17 5 8 29 13 30 6 40 36 25 47 9 33 2 41 50 4 39 31 22 34 19 48 10 7 15
4 41 40 17 14 35 24 29 26 2 11 28 34 9 38 37 39 16 47 46 19 43 22
44 25 40 39 34 13 32 19 26 14 37 31 8 11 15 48 21 9
47 26 9 25 23 34 39 35 8 45 30 49 11 13 44 12 50 20 6
46 13 29 49 26 6 21 3 2 27 24 31 42 9 1 45 41 17 40 37 8 7 25 50
30 25 2 41 1 16 47 17 10 46 20 49 28 15 42 19 5 31 3 27 37 22 24 7 6 29 14 36 43
36 23 30 50 9 7 31 8 18 45 4 14 11 28
3 37 28 22 16 2 5 17 25 42 8 43 32 47 39 6 34 48 20 29 1 7 21
10 49 34 22 41 9 17 1 46 42 12 32 20 23 27 33
28 43 16 39 10 3 41 18 49 47 12 26 33 15 23 2 37 1 48 29 45 50
33 50 1 38 20 21 36 30 43 46 5 48 23
4 36 44 40 28 34 18 23 19 20 33 25 24 11 32 38 1 22 12 37
18 46 43 25 48 17 2 15 1 7
49 9 48 8 4 44 29 2 43 26 32 1 27 38 7 34 24 23
12 46 25 6 2 19 36 11 13 42 22 17 5 15 35 18 1 26 32 39 47 28 3 8
30 33 26 3 14 50 46 41 35 15 2 42 16 18 5 25 8 32
50 10 6 27 1 34 20 21 31 8 5 43 17 49 24 46 11 19 2 9 45 28 22
17 40 42 20 18 35 37 4 14 38 50 28 31 22 41 43 30 47 13 26 12
27 26 5 14 1 21 3 8 25 17 9 46 47 42 20 44 23
3 10 42 19 5 25 20 47 46 14 17 45 18 41 31
34 33 38 10 12 28 35 6 42 47 43 26 3 19 32
17 40 39 32 13 22 41 14 12 6 2 18 35 5 38 44 47 7 11 3 42 9 19 23 45 48 36 26 16
23 36 42 40 28 1 24 8 14 6
22 3 37 7 34 40 19 9 25 35 44 28 39
45 33 39 24 46 22 31 17 50 14 6 26 44 21 12 11 41 23 29 32 35 43 8 40 19 18 1 49 13
46 30 37 9 4 41 19 14 1 43 17 20 31 15 32 34 36 39 28
46 7 25 49 23 35 28 27 44 30 29 21 22 18 42 50 8 31 10 4 36 15 34
16 34 19 30 2 29 28 24 31 39 45 42 8 14 46
1 47 16 32 13 46 10 14 2 48 17
2 5 14 38 21 32 11 28 49 31 42 29 12 8 4 40
26 42 23 11 47 48 24 34 40 28 14 9 43 39 25 16 13 19 41 8 7 33 21 31 44 45 32 10 36 15
47 21 40 15 29 34 43 31 18 33 20 50 1 2 5 28 30 25 23 11 3 32 7 39 6 38 4
11 36 20 31 23 27 48 47 8 32
24 25 23 47 12 6 21 18 38 26 19 48 22 15 35 3 43
29 33 10 50 4 45 3 39 12 7 22 28
45 47 15 43 9 14 44 40 30 50 7 18 34 42 6 25 2 24 11 8
48 23 7 9 22 40 30 25 8 4 12 50 34 16 43 20
16 25 45 5 29 32 18 4 35 23 6 34 41 7 40 48 10 15 14 42 27 1 47 2 26 33 12 30 38
33 14 43 16 37 26 12 49 19 46 48 39 29 18 27 24 28 17 11 40 25 31 34 22 32 42 10 35 7
35 3 33 29 9 41 8 27 6 18 19 47 2 48 31 46 7 50 36 30 11 13 42 45 5 20 1
16 17 38 37 41 4 49 31 30 27 48 33 18 3 29 34
29 33 13 37 26 18 22 41 28 8 14 49 39 21 3 35 24 45 17 12 44 47 30 20
30 44 35 16 34 49 27 10 26 19 41 21 47 2 3 24 9 4 6 31 43 50 22 37
20 2 32 24 5 10 26 50 23 29 22 21 13 39 25 11 28 35 33 8 4 46 44
21 13 35 19 26 14 23 4 36 5 3 50 32 11 34
29 44 31 24 35 13 12 42 46 45 9
31 42 12 2 1 39 36 19 40 24 9 15 7 32 11 8 29 6 49 20 33 34 41 4 10 13 26
3 18 33 25 29 14 46 6 28 37 35 19 40 45 23 49 31 42 48 4 43 38 44 16 41 21 32 12
9 21 23 30 15 28 16 31 49 6 44 34 35 10 4 11
42 45 29 18 46 12 26 21 47 19 33 50 31 7 38 6 20 15 43 30 10 5 9 49 16 13
29 41 42 44 9 46 23 26 38 14 40
16 36 7 45 31 4 27 48 29 10 24 12 26 41 34 28
25 40 19 23 38 39 15 1 28 13 5 16 12 37 41 21 49 46 10 36 48 18 11 17 42 33 14 45 29
42 27 31 32 40 28 49 20 47 44 23 37 21 1 9 17 24 4 2 30
44 49 1 11 42 18 20 5 9 32 24 7 12 10 31 3 43 35 14 28 6
21 50 5 23 25 37 41 34 32 43 26 16 36 29 8 4 11
48 44 29 24 16 28 49 18 42 22 2 14 30 3 20 19 4 33 36 34 31 23 39 10 45
48 30 44 41 3 15 35 46 9 24 38 1 2 28 34 49 23 39
28 34 31 13 10 33 20 8 1 14 7 35 15 30 41 12 24 3 44 21 36 40 16 19 38 46 47 42 39 37
4 42 21 50 34 28 1 47 12 7 24 41 36
3 16 14 31 44 20 47 1 28 38 41 45 10 17 26 36 29 4 15 22 6 39
8 16 37 26 38 18 27 48 25 45 44 24 43 19 13 4 23 11 6 49 5
49 11 6 1 3 41 37 9 45 33 12 32 47 19 38 25 21 48 42 43 16 24 20
13 6 9 42 11 19 18 15 40 26 41 38 36
39 2 15 14 30 27 18 31 37 40 49 4 6 41 16 44 21 1 38 28 11 50
49 23 10 34 46 2 47 32 24 42 15 26 16 45 40 38 28 7 27 17 25
39 36 22 13 33 17 26 28 16 27 47 49 4 19 48 32 34 38 41 24 14 5
41 3 31 25 12 29 45 15 20 27 7 28 39 33 13 2 23
43 22 25 40 46 50 32 29 8 9 41 37 23 21 48 30 49 33 27 19 34 13 10 24
3 7 42 39 21 25 46 33 1 20 41 36 2 24 12
36 6 41 9 44 27 35 14 45 30 1 18 31 39 19 22 11 46
39 3 16 46 34 4 2 15 36 10 35 50 32 27 48 24 5 17 47 1 20 8 25 31 6 11 30 13 12
2 45 34 11 40 21 12 48 13 22 31 5 44 20 1 30 17 26 36 4 29 23 39 33 25 50
47 39 8 16 12 3 22 41 21 14 32 40 13 19 11
20 40 26 25 19 34 14 22 1 3 45 38
45 33 42 28 21 43 1 41 2 4 9 17 47 37 14 8 35 5 10 39 26 40 34 36 32 13 24 7 12 31
10 27 20 1 25 13 32 40 4 24 31 30 21 47 22 12 15 5 7 36 45 14
7 11 6 48 37 24 44 1 43 31 29 38
34 47 50 36 43 37 21 25 26 28 15 2 40 30 8 11 3 24 49 31 39 46 5 10
12 31 14 27 30 37 21 46 7 28 40 41
6 20 23 35 41 18 32 28 8 39 1 16 37 33 45 38 36 42 12 3 7 43 44 22 9 13 30
11 34 16 1 13 2 12 4 44 38 48 47 36 9 50 15 21 3 8 6 25 24 41 35 7 39 40 14
49 14 18 9 30 5 36 10 22 31 37 45 6 28 42
36 29 22 1 48 33 13 16 41 40 46
4 2 25 10 23 17 22 41 50 30 36 35 43 38 46 8 19 20 48 45
50 5 7 32 29 19 24 6 48 21 34 36 20 4
23 30 19 2 28 8 5 39 13 3 1 7 38 29 46 24
30 19 32 39 11 29 48 8 46 45 41 6 4 37 9 20 25 36 5 12 26 43 22
4 42 23 3 46 39 30 25 45 34 48 50 41 36 2 11 13 5 47 9 1 10 32 37 8 35 18 26 40 22
48 36 43 7 11 18 9 20 34 21 37 49 19
8 42 2 19 4 17 45 7 10 39 48 33 34 15
41 49 33 27 42 28 39 6 32 36 25 44 24 35 47 14 23 18
42 32 7 3 6 44 15 30 26 49 16 47 21 17 8 45
41 2 32 46 18 42 50 27 8 10 29 35 5
32 20 46 18 49 15 11 29 21 50 24 17 26 33 6 28 37 43 31 10 16 8 14 39 19
34 15 11 33 42 38 46 37 14 19 43 7
10 39 27 18 50 48 35 41 26 45 25 40 28 43 1 24 13 30 12 3 37 4 29 20 19 42 11 44 32
47 36 30 35 5 13 9 25 43 34 42 32 49 15 1 7
37 2 33 39 7 5 40 6 48 13 18 4 42 47 17 20 30 50 22 29 38 25
32 48 18 36 2 1 37 35 25 12 15 47 9 17 41 39 33 10 49 38
12 10 37 31 42 17 48 25 30 7 9 14 6 35 33 44 2 24 40 47 32
17 27 32 39 8 13 10 50 7 14 49 33 38 29 4 28 31 22 18 15 20 35 24 37 26 5 25 2 42
29 1 40 9 10 4 8 31 2 3 16 17 28 47 15 13 20 45 19 33 43 5 41
29 46 35 43 50 21 13 16 49 39 17 47 45 34 40 15 48 14 33 25 8 2 32 12 20 26 3 11 7
33 37 36 18 5 15 30 48 21 31 2 39 28 11 40
7 4 40 49 19 41 24 30 21 45 36 16 28 1 43 10 20 17 44 22 15 27 35 9
42 28 19 18 49 7 38 12 25 47 3 2 21
13 18 9 33 32 5 26 21 44 3 37 17 6 24 15 19 43 41 23 47 39 8 1 35 34 4 36 46
5 25 2 46 17 32 16 41 9 37 45 50 44 35 3 43 48 14 20 42
38 33 4 10 40 1 39 19 25 24 2 35 43 48 42 46 12 45 13 15 18 26 7 21 20 34 8 37 29 36
24 49 4 3 12 43 47 20 2 14 45 10 30 15 31 27 7 21 36 5 33 34 38 25 19
33 50 22 45 36 23 24 15 5 11 32 39 34 46 37 38 8 41 30 3 16
12 3 50 33 43 36 20 2 35 19 26 27 18
17 48 31 1 42 11 36 23 24 38 39 4 46 40 29 47 26 8 20 19 41 13 12
16 43 48 4 27 37 10 2 42 7 25 33
37 41 29 28 47 2 17 33 42 12 21 1 25 8 48 40 24 35 34 3 16 14 20 19 9 49 4 26 15
3 16 33 15 36 34 23 44 19 8 29 38 48 24 40 27 42 30
11 30 17 26 33 37 47 13 31 22 40
42 15 7 4 31 27 3 33 47 22 40 44 9 43 6 37 13 26 10
19 27 48 33 32 15 4 17 39 46 50 40 44 49 3 31 41 38 9 16
2 26 19 47 10 4 29 22 27 11 31 35 8 36 1 39 21
2 33 28 50 16 26 40 14 7 11 21 31 41
24 10 27 11 17 49 14 32 43 18 1
44 36 40 5 47 42 38 6 25 12 3 33 34 29 31 11 4 7 13 17 32 19
44 40 13 50 41 30 22 33 19 9 2 37 1 36 12 15 20 8 18 49 21 27 26 38 46 24
41 25 38 28 33 43 2 26 11 48 15 3 29 37
13 43 36 8 40 16 7 25 41 47 19 26
32 21 27 28 22 15 3 42 47 43 40 41 46 35 33 38
4 9 27 24 25 28 46 30 1 21 33 13 6 47 42 36
31 12 13 48 28 8 36 44 20 32 34 38 45 18 17 50
11 31 33 23 50 26 46 32 2 49 5 6 29 39 37 36 44 34 14 47 24 1
41 48 29 24 33 21 31 26 38 18 16 6 2 42 22 15 46 9 37 32 40 1 36 45 8
28 13 36 10 48 20 33 41 37 2 8 14 39 5 11 18 9 22 45 15 25 7 46 1 19 34 30 31 40 24
20 43 41 45 19 42 22 35 6 15 14 5 49
25 48 8 37 4 17 50 33 9 40 28 23 15
44 46 12 40 1 34 43 42 27 24 23 3 30 36 17 18
15 13 3 31 5 42 34 16 37 43 25 7 32 19 12 49 20 35 21 46 36 39
30 36 14 48 29 43 5 46 20 27 25 24 17 32 9 47
16 45 48 1 6 26 2 9 27 24 23 36 12 41 29 10 44 30 7 40 11 5 18 19 32 17 50
35 26 24 49 25 30 9 38 19 48 29 7 3 27 43 47 31
32 49 21 40 36 30 18 6 39 28 38
38 5 42 37 25 15 22 48 40 23 41 12 11 44 7 33 28 47 46 13 17 14
2 28 6 50 40 25 20 37 36 29 31 26
22 49 13 42 23 17 21 48 50 40 27 41 1 3 34
42 21 45 13 20 3 10 36 6 32 12 39 24
8 35 17 14 46 22 43 23 11 9 26 31 28 34 45 7 1 3 27 24 37 49 2 4 21 30 19 48
37 6 46 29 15 2 30 44 36 27 1 11 22 41 4 20 12 35 26 38 16 47 25
24 33 22 34 1 6 28 25 37 49 21 19 5
17 43 4 14 30 26 29 42 16 20 21 25 1 41 19 3 7 50 9 23
39 16 22 4 11 45 40 26 10 38 5 32 34 13 41 23 9 31 15 19 1 49 29 42 14 20 28
8 34 22 45 40 42 11 44 26 25 46 4 32 47 17 27 15 33 7 29 28 31 9 41 13 48
30 19 37 14 31 36 6 10 45 22
48 40 4 15 25 42 24 20 3 22 2 12 41 37 10 18 47 9 50 8
16 27 50 29 30 32 14 47 6 23 13 45 44 34 39 35 49 46 7 11 10 21 41 31 28 9 18 1
11 9 19 49 31 18 12 33 44 45 41 6 21
7 44 25 41 45 39 21 42 11 26 36 4 14 18 38 31 3 13 19 34 49 32 6 28 29 24 37 47 23 33
19 10 15 30 40 13 12 11 48 21 47 33 23 49 4 2 50
49 18 5 1 20 42 2 40 23 4 35 37 47 41 21 44 43 50 16 32 26
36 25 38 13 27 3 49 9 30 39 41 11 15 29 16 45 34 35 20 24 40 6 48 37
42 11 10 37 49 28 17 16 2 50 41 5 22 33 35 36 14 25
31 5 32 20 37 28 36 4 11 12 50 14 22 38 23 9 10 40 25
9 41 47 1 35 5 16 36 7 10 12 25 33 42 27 4 22 19 43 13 23 39 2 24 29 31
34 27 13 12 33 18 14 35 2 22 40 3 7
44 19 32 29 16 28 45 34 6 13 15 35 9 33 25 41 40 48 1 11
12 26 2 47 48 9 10 45 18 24 3 19 40 35 13 44 43
22 23 44 43 27 5 17 2 45 42 29 3 12 4 34
5 33 19 17 25 22 18 31 20 30 49 32 46 6 42
1 12 35 27 10 9 5 18 39 45 23 11 3 40 31 19 28 4
17 2 27 14 46 19 22 24 20 32 15
29 40 17 1 38 16 32 20 50 33 34 19 25 12 23 6 4 43 31 49
43 4 9 24 6 32 50 21 36 14 28 41 17 15 18 49 37 13 19 8 1 12 16 11 5 34 42
35 5 32 19 3 39 22 38 50 1 4
33 17 35 29 1 37 6 5 21 40 24 4 12 15 32 11 42 45 49 27 9 23
15 22 37 48 24 21 41 34 42 6 10 20 1 19 30 3 32 31 8 12 9 45 13 50 4
6 41 50 5 13 23 8 26 9 29 16 43 39 36 34 22 45 3 30 14 38 11 19 49 42
49 13 19 24 14 29 26 17 18 15 12
17 31 28 20 47 2 5 44 42 16 1 35 3 15 29 22 45 12 36 8 41 34 13 43 4 30 14 7
4 19 7 44 11 50 14 23 39 38 30 17 42 16 1 20 35
9 7 25 26 13 35 17 46 22 48 50 30 40 12 4 36 44 3 27 47
34 15 19 32 20 1 30 45 50 9 48 27 24 41 29 3 38 6 22 46 47 31 42 36 13 40
50 14 25 7 16 28 20 12 11 10 26 9 24 5 36 35 39 23 18 42
29 22 11 6 5 8 17 36 47 25 39 49 43 24 12 16 38 32 13 30 40 37 23 31 1 28 21
5 11 37 14 41 3 27 23 34 26 36 22 15
27 13 22 18 42 4 35 20 25 33 10 5 49 26 11
44 22 2 37 47 49 27 50 5 17 36 13 29 42 34 21 23 18 39 24 3 26 1 30 11
4 37 14 32 1 47 9 3 27 39 18 26 6 15 5 49 23 42 22 48 17 50 43 25
37 23 38 39 2 3 43 21 4 44 47 46 24 35 49 7 9 31 30 13 26 20 45 28 27 41 48 11
12 29 48 15 50 1 10 4 13 17 46 45 39 24
1 2 21 8 45 12 34 4 30 17 49 15 43 38 46 26 20 44
13 5 29 49 33 25 44 7 2 17 48 15 40 35 20 8 26 1 47 24 14 4 43 42 21 30 22 3
6 49 42 35 45 33 44 43 14 50 23 28 47 40 46 29 34 2 32 4 12 18 15
3 34 36 4 5 32 46 17 44 27 2 18 25 30 1 16
43 24 34 16 13 35 1 42 27 5 31 12 18 14 7 44 25 19 4 50 38 9 48
15 8 21 37 44 17 29 45 9 32 1 43 12 47 10 19 48 42 25 3 49 5 36 11 18
10 50 31 26 12 4 18 19 36 20 37 46 38 13 43 34 11 44 28 40 32 9 2 29 49 21 16 39 3
26 3 11 45 4 6 2 35 12 8 40 43 7 15 41 36 23 34 22 20 50 16 28 13 9 27 42 46 14
20 11 31 12 36 28 44 45 43 38 39
32 26 14 15 33 5 48 4 43 12 40 35 46 44 3 41 17 34 19 13
47 22 34 46 36 38 41 48 39 27 8 32 9 14 18 1 50 21 49 13 26 29 30
42 16 44 10 47 41 37 30 40 33
26 29 33 11 43 41 46 21 32 38 20 35 23 34 36 22 15 17 12 6
42 20 34 21 32 1 4 27 49 23 28 26 35 11 15 25 10 48 38 7 30 9 41 33 6 46 37 39
4 17 18 30 39 25 35 26 37 10 43 45 20 47 3 7 21 42 31 5 28 22 36 41 44 13 32
47 33 14 37 15 31 1 6 38 2 17 45 49 3 32 26 35 4 29 41 19 48 18 22 40 23 42 30
11 19 9 47 3 20 4 13 10 38 49 22 42 36 2
35 29 9 7 42 36 34 2 11 16 50 23 27 28 46 24 43 49
26 48 34 3 8 9 45 29 30 43 31 46 21 38 40 33 18 16 24 25 12 19 28 13
25 36 12 46 48 32 19 50 2 20 13 18 31 8 30 22 29 3 47 40 49
39 1 50 23 24 2 44 26 30 13 21 41 15 12 49 7 35 20 34 4
41 40 7 27 33 5 43 38 14 30 45 50
42 13 34 2 38 48 26 4 30 22 49 18 20 43 50 44 12 36 9 46 6 41 21 8
42 3 18 29 44 25 9 27 6 21 2 24
15 41 30 46 44 45 40 16 18 12 35 26 20 6 14 48 39 47 11 43 22 3 31 17 5
9 8 10 48 39 32 14 45 47 18 23 46 43 41 38 27 21 31 29
24 37 41 35 30 13 43 15 22 46 29 48 5 18
27 31 39 16 24 11 30 15 33 13 43 3 1 36 41 22 28 45 46 6 25
35 37 49 30 41 33 17 27 6 13 18 31 2 9 45 7 22 21 15 47 39 19 29 48 14 32 16 44 28 1
23 33 31 26 40 15 37 18 48 5 4 19 12 46 29 50 34 43 10 47 39 24 7 42 30 20
13 27 36 5 3 38 44 19 23 4 31 20 41 18 10 30 24 50 48 1 28 32 8 21 17
25 43 40 14 7 26 36 33 22 1 17
37 31 8 13 47 25 15 42 50 22 40 3 9 21 46 10 34
14 12 42 10 33 39 45 20 3 32 35 5 48 17 22 47 4
